bd | Freedom #SAMinRLCS,0,1299,1349,1035,1172,4855
bd | Krames,0,1138,1304,882,1093,4417
bd | G &#216; &#208; A N,0,1147,1206,930,1107,4390
CaioTG1,1,1505,1388,1058,1141,5093
SalaDk1ng | NOX.LD BACK 18/10,0,1011,1004,747,891,3653
Lance | NOX.LD #SAMinRLCS,0,1454,1245,963,1046,4708
Juan_ | NOX.LD #SAMinRLCS,0,1234,1245,1015,1015,4509
cmb | theKillah!,0,466,1292,1028,1133,3919
Firefox,0,1151,1175,650,1052,4028
cmb | ze,0,1399,1280,1000,1081,4760
Haberkamper,1,1258,1123,979,1013,4374
oDias_,1,1135,1005,824,932,3897
DuduBrHue,1,1270,1204,936,1055,4466
